$ANSIBLE_VAULT;1.1;AES256
34663862313264383937343564333034633837353637613962656134383461386161663064356265
6235643137333966623536663033663134323338306434620a333530373138313438616330613538
61306531646261353531373738353630386665316238383438356363633334633233346633313739
3334393733666532390a343535313762316662393230396262656135376631393731353236303064
35316432356530663765626336626465313130643962616662343234626331613636313963306264
62613435613933323166366264616564383466336165316532323563626666356139393739336133
31303064383830656132363336323136346264646438323139633964633038326530326638333233
31363263663334643338373065326433363562323162643834383166343035343539666130653531
35303632366664663362313235626335613638616531613431336233313361386463393333323364
39626139336535626461306634376464373736323830653231356138353462663033373739386465
66373930343162343833383333333939353033343639316132646138383265613762616166663538
62363961666265626330333137613730303463666130616136336539356361363238326235326635
62386133343834376661626136643934613332643265303164363935323066646133666138653064
31336163353361616361393539633839333265363166633930383830346338376363353235343439
30323565626332303638623338343064376139656462396565313236616362366565626433626565
39626561633735666462636335333465366665376539636464643632636364326136326238316436
35346138646238363333626364626164313338383465313839623736663331313766653538353334
34663339326231366633633832306334353938376539366163313936633962653439353737663738
66626535643866383339323661353535643962303237393730323439313166323161303033393232
32653762353863333763613335643930363437356338363637613734623736373230663835356464
61346539333930316636653933303035393537616530666332663932326137306362326236626462
64343662343036366135363662653031323663303138646263623433633863366238393965663338
32323432613533653966636337383262363062653033383031626533343038656161373638383938
65663235326566333535306564356131363539346534623435643636366635376635313765343331
62633039346236396562643337626166616564396566303430633634623562646536
