$ANSIBLE_VAULT;1.1;AES256
30653763643830633066373731613435613231343837316362376639633134383536656332363366
3565373733323134373038333666326262356264366437380a363264323131323666303834373463
33626663663136643932626330396564323061366238653739383034316238636538343266313665
6635353433383230630a326130356162623164356637383632356538396331633739313537653033
66666436656563633065336630626238343835626261336164613663663161363963623966383238
39346432326538393230626533333336373063636361633162383463666231333936363132306337
30346233396163323233306163313462343064666333326461323563633534393635333362386465
39373639313166303462636664343537613634313162613030313939336436613434336438333961
34613261316665393532383361343566396463663339366561623231383262666338616536393436
61323632663866313661343564666439366334353930653233373662653661633939353264396632
35636232643239353463323935383537306430323464316139343536326531383639616331633561
63363334383132656535313830316438393632633434633732386137616636336231363561326433
38333738373165626337633664363163613038373530333964343330613230646636336531326331
61656264313364663237393162303737663438383064326136353237643735316338626361313866
38323734356662373439373034623239303463653161616362326630373164633763633764313664
32343435643865653531396166643962626236623837393130326335383033373035326263643734
30643935333164656535343638393764386537613663356434346166393562653330346137633463
64386165313530376266313639376230373736376330356361353733306338326462663633656635
64636336336466363730363430643733636363323066633637643436323363643836313634643635
64653930663166666534616462663461323633306233333465653339623365633066353164396562
37356432656630373463373736353762386564366637653138653837313833623436646238356365
37316565663338336137316239313463373464316239353636353536393765636330333233626538
66653065616339623637663133613539656237353632666463656335633733626134643064633036
36356637336531316535376134646531623365313162633463363866333231303633316136666531
61633630643630613866383162333733633237366436663338663934366334626337346231323536
33646564376632343732363862376164346462656334326232363963376337666434626336353633
63363138656266333264646638356465616263383030386136613933343335383033653436313361
61373534343237653665393939633764653538643361373837323166323239326362333964313664
64353036353836666134333437386139353161363961616661316663623562646562353066663766
37386131326663643262373065653232376435393165316664336664623639313437303430623537
66656234623039396232626534626439373065303337653964646333663064623266663138306135
64633433343932306466643139623832373436626164646435393563383864393730336332373338
30366163316331653662616565343330336539313030663236663237343237626337653661346665
64353665623161346636653831626138326432643431663862636433393139366632393566646661
62336635623139373164616331386235363936333333316234636236323536313434393230346439
39316366396662653466323037363662393566663064343035636532306630376339353537616638
35353235376364393131666534316562323238366465396638323937383334373536
