$ANSIBLE_VAULT;1.1;AES256
65643332393039306564636338313634633965396334313562646638653435633763636433646531
3430356466393239613565306636326633626431333739380a323565306537363837373132653166
34613734653939643434626365396464613066343061363461363034356439363734666665616237
6533313862386636340a666437656434626333363265633333376466633362613464396335383464
39336435623633363262323163393434386536373061666635353061613736663934376537613030
38373131656431336233346164623830663561363433373164656430333666366336313238643932
39353138316331343062383131643166633035336339396439363863373530323137306364663433
32346665636664313938316161373733313832316536303861626132366166626533353737396563
34626334306332623637373466336435613634333265346666306333363533653363306439376130
38386130376561326564386130333338356462633666633064393934353537393830366662386464
64663236613330353932623463373135333933393930373138646431323762643038373938323366
64306461353734306434643534373033643864656138643965353861303130373030396338383230
30363434366436313263343030323035313835643932366633373863303061396430386632656536
32626462376636613837643933623962613633643739393733366464643838613463653431303939
39623566333536393431396162636234306366623933383135306633353061646431383562656433
65383466653466353961343836313032383136386134303234333638353362323338333534323632
61643230373262363538646433653933303739343361393565366463376266633531393532663163
36313532303430303935626637663438383236633838316439373362333166383030646263376262
36653732623738663432623734653961373663366237333039383761613461666632396130363437
31613736656564623766663837306237353834353231353435363962383934306466343135376434
35376432316465343133373263646165643966386130633133613236336337613563303261353931
63393937353836323366303735636437303461343935356336396466613639643961373338663737
32313139326530363164383562323863363334346331343834616433653837666161323435323261
33353165336264353134336233333166393335393934353231316465306632656132663763353338
36373830646534353732323332373930386336656530323938383737616265383261336562653537
31306336396336333562633164623664386138323261613363643532613666623131343764336163
35343834343861633639363639323961306235386632366663323733623734623766343931333735
62623131653665613333386561383637343564363961356662333238386537623835663966653439
33636634313561363935646536623730306563316365633335613863333735366338626437316439
35396664326661346238663263613564383131326534353565303835316364393933646430313039
66316332353237623932623761633332376137396537666161666337346561346564333131383336
33633165643137386332366264353866316663653838303632343863363135623235353436353838
65623732373966366331623936303237383633656439326331366234623435333434323163373138
62303035636330633533383938626333356365326166663831643933303431633731386262306365
30616664613330326662353565623034336339346139653636646666353866353234623130633931
33363434613734383731613566653462633330636332333031653439613762376333656264643132
35323066646530653235323465663164646261353637613163643562336433623563643435663132
30643262336266326264663563636137333731663265666663633631306365613034313065323165
65366634363235343835636164306531366362323034373562663065396239633033356161313035
38386332656662303533313461333962356334386462383634306261373539393334633138346663
61633166323738356333633033346465363736323561373666313936613963616337663363323635
39383037643130333039616661366431633835373566663039313934306339323338306434613739
38623163313438383261383134633939373933363233393030316432653762383437383833303261
36373838303735316462386335356630393365643966646261306365646466343865366163366663
39626635633937363631333566313863353066353362313766316163633630343334643632333364
32396463623439336261616130633237306335383734613963656138616630623136306162646432
33346362363038306136343034663639323663323732353138336134633464356132326530393862
38373831613938353762353236393230373062343335663166653236313666633532653430373865
39636439316661346638663737646438343030666264313630653166666339313138623035626563
63303962313730303866313833623866313565613036393366653062353135383664376533373633
34633730326639656637636637386662313662316632346666656535356563623563386432666361
39636664646539353066383639613730303739633736376465666437376334346130376361326364
32636239303431626237633061396532363961346332393533646537346138633635353437323165
63613936323264646432636161656233663838623539306464393862633639323632383863646264
65326364343638333564633931366333393533316535333166643233653035646561333066326364
36376136653835656132393032336262333364663031346238623731313266633763653266346436
61396564616634366163643466616636333964623965303335653461643135336364363663386430
64303138633738656636396431623333383263636233326264643964333262316662613664313234
36353630343864313337626536306661643562323039623961393439623135343566653638396364
36346637323834623132633731326562363864333839393935393636623263313534336339316531
34303661656438363361626164646666366231346439343531623132363931633737626635616432
66656461386335313966333032353664313535336132626365333861653563633364626631333964
36653539326632333734646531373030363163366533393066313066613234613136333437316631
61336139316637343434333039356633353333306137643961623532653033326266386431393662
61393238656138613435643663383731376537353936366333303438643261646265316364306363
35386536333862373766633065306332393236366332656437326663396531633739633337663831
30343032323631316334636439363164633533636531616330356262613265326265626530376433
33653234306264613234666362646233616230323161316230353236396366343434616264666635
61323932323865386134303164376533323339656539613938346134383334636538343365356462
32653331616662613763616435353830333566326539613530353736613233346238663938393331
35313539366237616335303934643130666330326537633763373862313834633565346562313563
61323839633965383931356538306562363731393232653263633661626362636131623363656335
62313862666637353835363234313964653561343532313061666564653434396232373538323231
35613337653833333034616330353237656664383530656364636236343665353962323033663834
65376639346664386466313631353361323262313632333638636165336430363631353734653061
62366332366233636138336363633835353639363563336633613061366363363063303761646561
62326531363365363562306138316137373764303632633364633865363966353035316264363361
35353438323636316564376133636365306338646434376164646361636363386666383030336632
61613631393932366630306537373261623430343635653662313534623632666665303235303330
30633637366330393163313763633866643738653437366437383931616132613763656630633661
62336239323030633464396135326436396237643461623239376363373835623636646363356665
37613138376533643163643939343465353131363033643033343633383461396463623863653965
37373335343938363939656164333436366334386339633036386238353832336531313932623039
36613530333363633138323535323462333164336238616666373366313131396435323338383037
61613262313336643237396531613339633364393232386364343835626537326665626661326630
66353033373766306334663130656236363130303731623437626464626534653866653934343265
39373464653037356162373866353866363036636439396333636534373039323964356263343261
36373332333336306239
