$ANSIBLE_VAULT;1.1;AES256
64363864666537363232623961653239373438643565326566663530363963376439623539323063
3837306161666563343664366132643734336338333764370a353334343737666561313934373035
66353037313135386463316132376462326336336537376533623334636436306262633463373161
3234386536666533650a623035663733623634396561343463613032363335663262386134633837
37306663376261663432323838346264613232643237376638393964666235356133633335616538
30366339343337386464653464373439343862373937306463356531326263306262616631336536
37386233653633626230376166323565343863643138323464343635646633656665623032356366
34343133373334613537653132626437383262633034646430653331666631356239616662323165
36323165633838366631376662633033643234343164653865336438633138646165313533313634
64646561363463646266386232313366376562383865633837343630643631353935313734356634
33386330643261653933623938656337383238346139373761303464613831393464323664633864
35643933343434633437643334626139313134613934373238373064386130346462326565383061
66643335643262643530613034303230346330633030633937663434343732616362383436356230
33393965333234343165383538363966653135653839376435663863343139653338356635633966
64396334613538333362613735323630323836633662353638306233303334383433633832323763
33626663643862656238626564313039323934643530616131663761343432616235666633663362
34386363623537643639623539303464386463356131613638373339353064333735633631343937
64343138343534376164656164343463623038366339653531396231366161343935313865653734
62316438376437343835643762313065336564373465653165656262346463303262633266353237
39383235626433643631316665616635346130623537383237616234666135616365653464633565
37656330316264326235323963323332643833613338366564366437396630313462626664366663
30323230666238303031646636616264336134393335393362326565383435386165613665613631
65653534303763643161656161326534623662643662656662306663656436636338343438376563
30313030303263353764383333646232356533616630303233303163363739373134666564366264
30613331376662613235326162303030613163376662373635313038356239336665343866633665
62306335316631636564643730383436313430656332316563313432626461316635646563386537
62656635643932626464353336613062643765366563333838663834623965396533363131376266
35636138343062326466353264376438383337306136356335306333613136623066386265663531
62623365383032343664383465633638303934353561376237356332663162366566353630383533
64646631663339396365366531356436616361383263633933616639343932376362633862313566
35333634353732346162383834326233633361386433366630386537346264643266383830383934
30336661633262363630313234613639363430303065633865373233313431623934616161326535
66393466376535353833363138326539623237383036353333636163663439303335393531663537
38663430363833376637376631653462303839646431666334333737616233313630303765663162
66616362356166663833303665643665646261353537313531623336306361653732643635353437
63643531316433646436336261623538366464313063343365663464623538336233613763636232
38383862323262636630343662663861383162313466663461393266313331393465393434633030
39386366353234303037666230393434313932343634393431626331616266313237303030353530
64336265363361366563393530376433313961363537353337613538333137376265656134616430
61373435356231653430386665623233663464343061303237633163396631623431663966376630
65393131313539303139303037303130386337633238376434316132613737306166336339373031
35623539656464393538663930613562373864343364653438386238666439363037333339306262
34313132633830653436316238396330623633393663633436636636373638666363336137373631
36323364656231306366343731633533383433303865636662333561386339623233363166376632
61623464633931613865646234313138376338353463363965623861306138316336646637393231
63363331633465623937376565313832653564653733376236663966356561303431396533663135
64633530383339366232366339353335613730613236663663303239363339373961353464383330
30366536663466316232323637336662373666326162653133366464373765656261653433303061
63623033643230313533346230623962636264353230323737306638363133303238656163646634
34343065383766376331346135666636653566373231333733393461333038633062336365626532
37333937396435633932663036303136643864303862663064366563363233393863663465303166
61663361336337613438613237303861306239356161333266643662303638333361613839373033
32616262356265373539663531643834363630616666353232383062343466633462666464316564
66653466383362383432636432656465626434633163613037656632323862313838653131346338
34616564356630646338336233313964613031383361303034323837633835363662336566393863
30396535326332623264613563343239336463363363356364353461333237336666653936663965
39623766303430316432643366326437336231373762366335353530353562373964313635346433
61306466666639323033316662393734393039663334643438313961313062323563396564333666
34333465663634646361613966626266633039353931333262623539633765316562353664383337
64393261343333353938366264613166653037353731313433313135336561626232373837313832
36643738653830323362663363396462666433326135666636373637396464326266663062613033
63666435393739366336393965383562343961386466666663323837346437313164653436643533
37306139326134616139663962356639383636326565656465376465386264613266633366346564
62363337333330613639393733393438376166303936306665643766393863343962653032386561
39363435313661343630306366323566666434393836616465333536633164623932613965316636
31386339666434353261356333626334303830626439343134306232383135366561353964336339
66316433303439356566326239336130663766633437393630373033363131663739396430633037
36336335356461363465623138306335336463313561386534333839656232393062623562333939
62646230393366383661366266333136623437626538323631393862323132346435326238333237
62396133333965616232383962633539363662643066663436313062346163333934633731316339
64323630353039643032383331393631333331396632363838343762356266313732323830646164
39383066623363323738353065353330303833636636643436633364343361326635636336663435
31636137353037363131633131356237376661306530643033366366616639616636313039393833
62633234376430326464383566323238613264376236386131643834353533633635663566636134
38613139323962336639353732313034653736363562353161353230633634613931373837383339
61376665663162326462636532643236353333626233623234393731373238326263303661356138
33353430646462353637356634653030663231616231333633343038363733313435643264356164
36316430656563363563663035363635346434653035393637636631343636363061333735363363
61393235613165313265303762666362623738373963653065616466613264393465373436333164
31366461383962353765613430643637323032343730343231646336373135656561616332633962
35643566346365356531623133636466383836346639633931363564623837393433633437353631
32386236313063326531326431373365383031613164626337396464656562646338616263633037
61306237653434373036383965393461363936323538633736663232363165616666336563653733
32376265343138383438373434626536666337333636313231626330656335373863346632363536
37386439663034636535346530616539333632356531626132303436303566643636663137383432
30393862663066343766303763316161656635343739323164633433336539373261653964666138
33363330636462633135376662666234346235333865646366343937383031393063306138363031
61386430343338363433
